GNSS:161753520979    20210222    170359.012    42.3592682    -71.1121308
BATT:161883566693    20210222    170359.147    10.03
IMUN:162140432129    20210222    170359.400    -0.23    -0.21    -1.15    -39.4    29.0    18.4    3313.3    -2146.7    -553.3    35.07
KELL:162390187667    20210222    170359.652    0.01    0.1    22.70
GNSS:162724467044    20210222    170359.983    42.3593454    -71.1120747
BATT:162868440360    20210222    170400.131    10.03
IMUN:163124978486    20210222    170400.383    -0.26    0.30    -0.82    42.5    -22.3    132.6    2546.7    -2126.7    -506.7    35.41
KELL:163372094398    20210222    170400.635    0.01    0.1    22.75
GNSS:163696142465    20210222    170400.959    42.3593769    -71.1120356
BATT:163846905823    20210222    170401.110    10.03
IMUN:164103463835    20210222    170401.362    -0.44    -1.01    -1.04    35.7    -20.6    -194.8    2566.7    -2660.0    -633.3    35.07
KELL:164349934637    20210222    170401.613    0.00    0.0    22.70
GNSS:164668889487    20210222    170401.929    42.3593769    -71.1120356
BATT:164835618022    20210222    170402.097    10.03
IMUN:165091523913    20210222    170402.346    -0.23    -0.78    -0.42    -17.8    -59.3    -77.1    4420.0    -3200.0    626.7    35.36
KELL:165335171574    20210222    170402.595    0.00    0.0    22.70